0

1
primes =  [1719620105458406433483340568317543019584575635895742560438771105058321655238562613083979651479555788009994557822024565226932906295208262756822275663694111, 52484065122572767557293534477361686456679280880304125291106733197354892893647364164212186415880889674435558369420400890814461263958618375991691022752189839]

2

3
primes =  [1085663496559, 86725761611859895386396141031497189948984447138542215420462553101081991008304507461163078354877970282649251051457532902955009856009405853917396630017011320500357081664483071782135584899953560478866041032397335990722689211113937797406269980402604895207480485168493674422769645640726941944110986793]

4

5

6

7

8

9

10

11

12
[920724637201, 159482692259010816139523195494724350795654007589889398757383554027183924116413427533184220914037106543253535103452324841452565420868944985464229649420240708554088156331324206733727690785373464575525698274552058386560106163093965065830071277465943834308083708065429495092746028681968670036721164931]

13

14

15

16

17

18

19

20


